x(t) = t*cos(16.261477479573째)- e^(0.003778766724*abs(t))*sin(0.3t)*sin(16.261477479573째) + 27.111637744933

y(t) = 42 + t*sin(16.261477479573째) + e^(0.003778766724*abs(t))*sin(0.3t)*cos(16.261477479573째)

Domain: (6 <= t <= 60)
