theta_deg = 16.261477479573223
M = 0.0037787667237349685
X = 27.111637744933333

L1_total = 27475.800964536007
L1_mean  = 18.317200643024005
RMSE     = 15.791891212554846
